Initial State   Number of Generations   Final State
0                       1                    0
1                       1                    0
2                       1                    0
3                       1                    0
4                       1                    0
5                       1                    0
6                       1                    0
7                       2                    0
8                       1                    0
9                       1                    0
10                       1                    0
11                       1                    27
12                       1                    0
13                       2                    0
14                       2                    0
15                       2                    27
16                       1                    0
17                       1                    0
18                       1                    0
19                       1                    27
20                       1                    0
21                       2                    0
22                       1                    54
23                       5                    0
24                       1                    0
25                       1                    27
26                       1                    27
27                       1                    27
28                       2                    0
29                       2                    27
30                       5                    0
31                       2                    0
32                       1                    0
33                       1                    0
34                       1                    0
35                       2                    0
36                       1                    0
37                       2                    0
38                       1                    54
39                       2                    54
40                       1                    0
41                       2                    0
42                       2                    0
43                       2                    27
44                       2                    0
45                       1                    0
46                       2                    54
47                       2                    0
48                       1                    0
49                       2                    0
50                       1                    54
51                       5                    0
52                       1                    54
53                       2                    54
54                       1                    54
55                       2                    0
56                       15                    146
57                       6                    0
58                       5                    0
59                       4                    0
60                       6                    0
61                       4                    0
62                       4                    0
63                       4                    0
64                       1                    0
65                       1                    0
66                       1                    0
67                       2                    0
68                       1                    0
69                       2                    0
70                       2                    0
71                       2                    0
72                       1                    0
73                       2                    0
74                       2                    0
75                       2                    27
76                       2                    0
77                       2                    0
78                       2                    0
79                       2                    27
80                       1                    0
81                       2                    0
82                       2                    0
83                       2                    27
84                       2                    0
85                       2                    27
86                       5                    0
87                       3                    54
88                       1                    216
89                       5                    0
90                       5                    0
91                       2                    0
92                       5                    0
93                       3                    216
94                       3                    170
95                       2                    170
96                       1                    0
97                       2                    0
98                       2                    0
99                       2                    0
100                       2                    0
101                       2                    0
102                       2                    54
103                       3                    54
104                       2                    0
105                       3                    0
106                       3                    0
107                       3                    27
108                       2                    0
109                       2                    0
110                       1                    174
111                       4                    0
112                       2                    0
113                       6                    0
114                       3                    234
115                       4                    54
116                       5                    0
117                       4                    0
118                       1                    174
119                       3                    0
120                       6                    0
121                       3                    0
122                       5                    0
123                       3                    0
124                       3                    0
125                       3                    0
126                       3                    0
127                       3                    0
128                       1                    0
129                       1                    0
130                       1                    0
131                       2                    0
132                       1                    0
133                       2                    0
134                       2                    0
135                       3                    0
136                       1                    0
137                       2                    0
138                       2                    0
139                       2                    27
140                       2                    0
141                       2                    0
142                       3                    0
143                       3                    27
144                       1                    0
145                       2                    0
146                       15                    56
147                       6                    0
148                       2                    0
149                       6                    0
150                       6                    0
151                       3                    0
152                       1                    216
153                       5                    0
154                       5                    0
155                       4                    0
156                       3                    174
157                       4                    216
158                       5                    0
159                       3                    0
160                       1                    0
161                       2                    0
162                       2                    0
163                       3                    0
164                       2                    0
165                       2                    0
166                       2                    54
167                       3                    54
168                       2                    0
169                       3                    0
170                       1                    170
171                       1                    171
172                       3                    0
173                       3                    0
174                       1                    174
175                       4                    0
176                       1                    432
177                       3                    171
178                       5                    0
179                       5                    0
180                       5                    0
181                       4                    432
182                       4                    0
183                       3                    0
184                       5                    0
185                       5                    0
186                       3                    0
187                       2                    426
188                       5                    0
189                       3                    0
190                       2                    234
191                       4                    0
192                       1                    0
193                       2                    0
194                       2                    0
195                       1                    0
196                       2                    0
197                       2                    0
198                       2                    0
199                       2                    0
200                       1                    216
201                       2                    216
202                       2                    216
203                       2                    0
204                       2                    216
205                       3                    216
206                       1                    234
207                       4                    0
208                       1                    216
209                       2                    216
210                       6                    0
211                       4                    0
212                       5                    0
213                       4                    0
214                       3                    0
215                       3                    0
216                       1                    216
217                       2                    0
218                       4                    0
219                       4                    0
220                       1                    234
221                       3                    0
222                       3                    0
223                       3                    0
224                       2                    0
225                       2                    0
226                       3                    0
227                       3                    0
228                       2                    0
229                       1                    170
230                       1                    174
231                       3                    54
232                       2                    216
233                       3                    216
234                       1                    234
235                       4                    0
236                       1                    234
237                       3                    216
238                       1                    238
239                       2                    170
240                       5                    0
241                       4                    432
242                       5                    0
243                       3                    0
244                       3                    170
245                       3                    432
246                       3                    0
247                       4                    0
248                       4                    0
249                       3                    0
250                       2                    174
251                       4                    0
252                       3                    0
253                       4                    0
254                       2                    0
255                       2                    0
256                       1                    0
257                       1                    0
258                       1                    0
259                       2                    0
260                       1                    0
261                       2                    0
262                       2                    0
263                       2                    0
264                       1                    0
265                       2                    0
266                       2                    0
267                       2                    27
268                       2                    0
269                       2                    0
270                       2                    0
271                       3                    27
272                       1                    0
273                       2                    0
274                       2                    0
275                       5                    0
276                       2                    0
277                       2                    54
278                       2                    54
279                       3                    27
280                       2                    0
281                       5                    0
282                       3                    426
283                       1                    171
284                       6                    0
285                       4                    0
286                       4                    27
287                       3                    0
288                       1                    0
289                       2                    0
290                       2                    0
291                       2                    0
292                       2                    0
293                       2                    0
294                       2                    54
295                       2                    54
296                       2                    0
297                       2                    0
298                       3                    0
299                       1                    171
300                       3                    0
301                       2                    0
302                       3                    54
303                       4                    0
304                       1                    432
305                       5                    0
306                       5                    0
307                       3                    170
308                       5                    0
309                       3                    432
310                       2                    0
311                       2                    170
312                       6                    0
313                       3                    0
314                       5                    0
315                       3                    0
316                       3                    0
317                       3                    0
318                       3                    0
319                       3                    0
320                       1                    0
321                       2                    0
322                       2                    0
323                       2                    0
324                       2                    0
325                       1                    0
326                       2                    0
327                       3                    0
328                       2                    0
329                       2                    0
330                       2                    0
331                       3                    27
332                       2                    0
333                       3                    0
334                       1                    170
335                       1                    171
336                       2                    0
337                       2                    216
338                       6                    0
339                       4                    0
340                       2                    432
341                       1                    170
342                       4                    0
343                       4                    0
344                       2                    216
345                       3                    27
346                       4                    27
347                       3                    0
348                       4                    0
349                       4                    0
350                       3                    27
351                       3                    0
352                       2                    0
353                       2                    0
354                       2                    0
355                       1                    170
356                       2                    0
357                       3                    0
358                       3                    54
359                       1                    174
360                       1                    0
361                       2                    0
362                       3                    0
363                       3                    27
364                       2                    0
365                       2                    0
366                       3                    54
367                       2                    0
368                       2                    432
369                       4                    0
370                       4                    54
371                       3                    54
372                       3                    54
373                       4                    0
374                       3                    0
375                       3                    0
376                       4                    0
377                       3                    0
378                       3                    0
379                       4                    0
380                       3                    0
381                       3                    0
382                       4                    0
383                       2                    0
384                       1                    0
385                       2                    0
386                       2                    0
387                       2                    0
388                       2                    0
389                       2                    0
390                       1                    0
391                       2                    0
392                       2                    0
393                       2                    0
394                       3                    0
395                       1                    171
396                       2                    0
397                       1                    170
398                       3                    0
399                       3                    27
400                       1                    432
401                       5                    0
402                       6                    0
403                       3                    0
404                       2                    432
405                       4                    0
406                       4                    0
407                       3                    0
408                       5                    0
409                       3                    170
410                       5                    0
411                       3                    0
412                       4                    216
413                       3                    216
414                       3                    0
415                       4                    0
416                       1                    432
417                       2                    432
418                       2                    432
419                       1                    426
420                       2                    432
421                       3                    432
422                       2                    0
423                       4                    0
424                       2                    432
425                       1                    426
426                       1                    426
427                       1                    427
428                       3                    432
429                       3                    432
430                       4                    0
431                       2                    170
432                       1                    432
433                       1                    426
434                       4                    0
435                       3                    0
436                       2                    0
437                       3                    0
438                       4                    0
439                       3                    0
440                       4                    0
441                       3                    0
442                       2                    171
443                       2                    0
444                       3                    0
445                       4                    0
446                       4                    0
447                       2                    0
448                       2                    0
449                       2                    0
450                       3                    0
451                       2                    0
452                       2                    0
453                       3                    0
454                       2                    0
455                       2                    0
456                       2                    216
457                       2                    216
458                       3                    216
459                       4                    0
460                       3                    216
461                       1                    234
462                       3                    216
463                       2                    0
464                       5                    0
465                       3                    432
466                       3                    0
467                       3                    0
468                       3                    216
469                       4                    0
470                       3                    0
471                       3                    0
472                       2                    0
473                       2                    170
474                       3                    0
475                       3                    0
476                       3                    0
477                       3                    0
478                       4                    0
479                       2                    0
480                       2                    432
481                       3                    432
482                       3                    432
483                       3                    432
484                       2                    432
485                       1                    426
486                       4                    0
487                       2                    0
488                       2                    0
489                       4                    0
490                       4                    0
491                       2                    170
492                       4                    0
493                       2                    0
494                       2                    170
495                       2                    0
496                       2                    0
497                       3                    0
498                       3                    0
499                       4                    0
500                       2                    170
501                       3                    0
502                       3                    0
503                       2                    0
504                       4                    0
505                       3                    0
506                       4                    0
507                       2                    0
508                       3                    0
509                       2                    0
510                       2                    0
511                       2                    0
